version: A58_2023_02_27_0_0_1
md5: S58_ss_656546531

AHEAD_CTRL_POINT_NUM: 1
WIDTH_HALF: 0.9435
MIDDLE_TO_REAR: 0

EPSSteeringAngleRatiosRows: 11
EPSSteeringAngleRatiosClos: 5
EPSSteeringAngleRatios: 
    EPSSteeringAngleRatio_0: [170, 0.182713, 0.186183, 0.193731, 0.195271]
    EPSSteeringAngleRatio_1: [200, 0.213624, 0.210972, 0.225991, 0.225291]
    EPSSteeringAngleRatio_2: [230, 0.253340, 0.246417, 0.264447, 0.257712]
    EPSSteeringAngleRatio_3: [260, 0.281727, 0.283221, 0.295076, 0.292958]
    EPSSteeringAngleRatio_4: [290, 0.316585, 0.312152, 0.329033, 0.325144]
    EPSSteeringAngleRatio_5: [320, 0.353413, 0.348024, 0.334337, 0.362713]
    EPSSteeringAngleRatio_6: [350, 0.368205, 0.380656, 0.402151, 0.392548]
    EPSSteeringAngleRatio_7: [380, 0.423274, 0.415827, 0.438791, 0.427377]
    EPSSteeringAngleRatio_8: [410, 0.466571, 0.456298, 0.476865, 0.467039]
    EPSSteeringAngleRatio_9: [440, 0.504171, 0.483403, 0.517839, 0.498223]
    EPSSteeringAngleRatio_10: [470, 0.527227, 0.513124, 0.541730, 0.524689]


SteeringAngleMinDisLsitNum: 3     #暂不可修改
SteeringAngleMinDisLsitClos: 25   #暂不可修改
SteeringAngleMinDiss: 
    SteeringAngleMinDis_0: [0,35, 45, 45, 35,     -1, -1, -1, -1,     -1, -1, -1, -1,-1, -1, -1, -1,     30, 30, 30, 30,     -1, -1, -1, -1]
    SteeringAngleMinDis_1: [250,45, 45, 45, 45,     -1, -1, -1, -1,     35, -1, -1, -1,-1, -1, -1, -1,     35, 30, 30, 35,    -1, 25, 30, 30]
    SteeringAngleMinDis_2: [400,45, 45, 45, 45,     -1, -1, -1, -1,     35, -1, -1, -1,  -1, -1, -1, -1,    35, 35, 35, 35,     -1, 25, 30, 30]